286 332
23 23 23

1 1 0 279 INV
1 1 9 280 INV
1 1 32 281 INV
1 1 11 282 INV
1 1 34 283 INV
1 1 15 284 INV
1 1 38 285 INV
1 1 19 286 INV
1 1 42 287 INV
2 1 0 23 288 AND
1 1 288 289 INV
2 1 279 23 290 XOR
2 1 22 45 291 AND
1 1 291 292 INV
2 1 21 44 293 AND
1 1 293 294 INV
2 1 20 43 295 AND
1 1 295 296 INV
2 1 20 43 297 XOR
2 1 19 42 298 AND
1 1 298 299 INV
2 1 286 287 300 AND
1 1 300 301 INV
2 1 18 41 302 AND
1 1 302 303 INV
2 1 18 41 304 XOR
2 1 17 40 305 AND
1 1 305 306 INV
2 1 16 39 307 AND
1 1 307 308 INV
2 1 16 39 46 XOR
2 1 15 38 47 AND
1 1 47 48 INV
2 1 284 285 49 AND
1 1 49 50 INV
2 1 14 37 51 AND
1 1 51 52 INV
2 1 14 37 53 XOR
2 1 13 36 54 AND
1 1 54 55 INV
2 1 13 36 56 XOR
2 1 12 35 57 AND
1 1 57 58 INV
2 1 12 35 59 XOR
2 1 11 34 60 AND
1 1 60 61 INV
2 1 282 283 62 AND
1 1 62 63 INV
2 1 10 33 64 AND
1 1 64 65 INV
2 1 10 33 66 XOR
2 1 9 32 67 AND
1 1 67 68 INV
2 1 280 281 69 AND
1 1 69 70 INV
2 1 8 31 71 AND
1 1 71 72 INV
2 1 7 30 73 AND
1 1 73 74 INV
2 1 6 29 75 AND
1 1 75 76 INV
2 1 5 28 77 AND
1 1 77 78 INV
2 1 4 27 79 AND
1 1 79 80 INV
2 1 3 26 81 AND
1 1 81 82 INV
2 1 2 25 83 AND
1 1 83 84 INV
2 1 1 24 85 AND
1 1 85 86 INV
2 1 1 24 87 XOR
2 1 288 87 88 AND
1 1 88 89 INV
2 1 86 89 90 AND
1 1 90 91 INV
2 1 2 25 92 XOR
2 1 91 92 93 AND
1 1 93 94 INV
2 1 84 94 95 AND
1 1 95 96 INV
2 1 3 26 97 XOR
2 1 96 97 98 AND
1 1 98 99 INV
2 1 82 99 100 AND
1 1 100 101 INV
2 1 4 27 102 XOR
2 1 101 102 103 AND
1 1 103 104 INV
2 1 80 104 105 AND
1 1 105 106 INV
2 1 5 28 107 XOR
2 1 106 107 108 AND
1 1 108 109 INV
2 1 78 109 110 AND
1 1 110 111 INV
2 1 6 29 112 XOR
2 1 111 112 113 AND
1 1 113 114 INV
2 1 76 114 115 AND
1 1 115 116 INV
2 1 7 30 117 XOR
2 1 116 117 118 AND
1 1 118 119 INV
2 1 74 119 120 AND
1 1 120 121 INV
2 1 8 31 122 XOR
2 1 121 122 123 AND
1 1 123 124 INV
2 1 72 124 125 AND
2 1 68 125 126 AND
1 1 126 127 INV
2 1 70 127 128 AND
1 1 128 129 INV
2 1 66 128 130 AND
1 1 130 131 INV
2 1 65 131 132 AND
2 1 61 132 133 AND
1 1 133 134 INV
2 1 63 134 135 AND
1 1 135 136 INV
2 1 59 135 137 AND
1 1 137 138 INV
2 1 58 138 139 AND
1 1 139 140 INV
2 1 56 140 141 AND
1 1 141 142 INV
2 1 55 142 143 AND
1 1 143 144 INV
2 1 53 144 145 AND
1 1 145 146 INV
2 1 52 146 147 AND
2 1 48 147 148 AND
1 1 148 149 INV
2 1 50 149 150 AND
2 1 46 150 151 AND
1 1 151 152 INV
2 1 308 152 153 AND
1 1 153 154 INV
2 1 17 40 155 XOR
2 1 154 155 156 AND
1 1 156 157 INV
2 1 306 157 158 AND
1 1 158 159 INV
2 1 304 159 160 AND
1 1 160 161 INV
2 1 303 161 162 AND
2 1 299 162 163 AND
1 1 163 164 INV
2 1 301 164 165 AND
2 1 297 165 166 AND
1 1 166 167 INV
2 1 296 167 168 AND
1 1 168 169 INV
2 1 21 44 170 XOR
2 1 169 170 171 AND
1 1 171 172 INV
2 1 294 172 173 AND
1 1 173 174 INV
2 1 22 45 175 XOR
2 1 174 175 176 AND
1 1 176 177 INV
2 1 292 177 178 AND
1 1 178 179 INV
2 1 174 175 180 XOR
2 1 173 175 181 XOR
2 1 169 170 182 XOR
2 1 154 155 183 XOR
2 1 153 155 184 XOR
2 1 284 38 185 XOR
2 1 147 185 186 XOR
2 1 56 140 187 XOR
2 1 59 136 188 XOR
2 1 66 129 189 XOR
2 1 9 32 190 XOR
2 1 125 190 191 XOR
2 1 115 117 192 XOR
1 1 192 193 INV
2 1 106 107 194 XOR
2 1 105 107 195 XOR
2 1 100 102 196 XOR
1 1 196 197 INV
2 1 95 97 198 XOR
2 1 289 87 199 XOR
2 1 290 199 200 AND
2 1 90 92 201 XOR
1 1 201 202 INV
2 1 200 201 203 AND
2 1 198 203 204 AND
2 1 196 204 205 AND
2 1 195 205 206 AND
2 1 110 112 207 XOR
2 1 206 207 208 AND
2 1 192 208 209 AND
2 1 120 122 210 XOR
1 1 210 211 INV
2 1 209 210 212 AND
2 1 191 212 213 AND
2 1 189 213 214 AND
2 1 11 34 215 XOR
2 1 132 215 216 XOR
1 1 216 217 INV
2 1 214 216 218 AND
2 1 188 218 219 AND
1 1 219 220 INV
2 1 187 220 221 AND
2 1 53 144 222 XOR
2 1 221 222 223 AND
2 1 186 223 224 AND
2 1 46 150 225 XOR
2 1 224 225 226 AND
2 1 183 226 227 AND
2 1 304 159 228 XOR
2 1 227 228 229 AND
2 1 286 42 230 XOR
2 1 162 230 231 XOR
2 1 297 165 232 XOR
2 1 229 232 233 AND
2 1 231 233 234 AND
2 1 182 234 235 AND
2 1 180 235 236 AND
1 1 236 237 INV
2 1 178 237 238 AND
1 1 238 239 INV
2 1 290 239 240 AND
1 1 240 241 INV
2 1 290 238 309 XOR
2 1 200 239 242 AND
2 1 199 241 310 XOR
2 1 203 239 243 AND
1 1 243 244 INV
2 1 202 242 311 XOR
2 1 204 239 245 AND
2 1 198 244 312 XOR
2 1 196 245 246 AND
1 1 246 247 INV
2 1 197 245 313 XOR
2 1 206 239 248 AND
1 1 248 249 INV
2 1 194 247 250 AND
1 1 250 251 INV
2 1 249 251 252 AND
1 1 252 314 INV
2 1 207 248 253 AND
2 1 207 249 315 XOR
2 1 192 253 254 AND
2 1 193 253 316 XOR
2 1 210 254 255 AND
1 1 255 256 INV
2 1 211 254 317 XOR
2 1 191 256 318 XOR
2 1 213 239 257 AND
1 1 257 258 INV
2 1 214 239 259 AND
2 1 189 258 319 XOR
2 1 218 239 260 AND
1 1 260 261 INV
2 1 217 259 320 XOR
2 1 188 261 321 XOR
2 1 220 239 262 AND
2 1 221 239 263 AND
2 1 187 262 322 XOR
2 1 223 239 264 AND
2 1 222 263 323 XOR
2 1 224 239 265 AND
2 1 186 264 324 XOR
2 1 225 265 266 AND
1 1 266 267 INV
2 1 225 265 325 XOR
2 1 227 239 268 AND
1 1 268 269 INV
2 1 184 267 270 AND
1 1 270 271 INV
2 1 269 271 326 AND
2 1 229 239 272 AND
2 1 228 268 327 XOR
2 1 231 272 273 AND
2 1 231 272 328 XOR
2 1 234 239 274 AND
2 1 232 273 329 XOR
2 1 182 274 330 XOR
2 1 179 235 275 AND
1 1 275 276 INV
2 1 181 276 277 AND
1 1 277 278 INV
2 1 237 278 331 AND


