988 1011
23 0 29

1 1 6 483 INV
1 1 1 494 INV
1 1 9 505 INV
1 1 10 516 INV
1 1 4 527 INV
1 1 5 538 INV
1 1 2 549 INV
1 1 3 560 INV
1 1 11 571 INV
1 1 12 582 INV
1 1 13 593 INV
1 1 14 604 INV
1 1 15 614 INV
1 1 16 625 INV
1 1 17 636 INV
1 1 18 647 INV
1 1 19 657 INV
1 1 21 668 INV
1 1 22 679 INV
1 1 0 690 INV
2 1 483 538 701 AND
2 1 527 549 712 AND
2 1 690 712 723 AND
2 1 494 560 734 AND
2 1 701 734 741 AND
2 1 723 741 752 AND
1 1 752 763 INV
2 1 7 763 774 AND
2 1 8 774 785 AND
1 1 785 796 INV
2 1 9 785 807 AND
1 1 807 818 INV
2 1 10 807 829 AND
1 1 829 840 INV
2 1 11 829 851 AND
1 1 851 862 INV
2 1 12 851 873 AND
1 1 873 884 INV
2 1 13 873 895 AND
1 1 895 906 INV
2 1 14 895 917 AND
1 1 917 928 INV
2 1 15 917 939 AND
1 1 939 950 INV
2 1 16 939 959 AND
1 1 959 965 INV
2 1 17 959 974 AND
1 1 974 23 INV
2 1 18 974 33 AND
2 1 19 33 43 AND
2 1 20 43 53 AND
1 1 53 57 INV
2 1 21 53 58 AND
1 1 58 59 INV
2 1 668 57 60 AND
1 1 60 61 INV
2 1 21 53 62 XOR
2 1 668 53 63 XOR
2 1 19 33 64 XOR
2 1 657 33 65 XOR
2 1 62 64 66 AND
1 1 66 67 INV
2 1 20 43 68 XOR
1 1 68 69 INV
2 1 22 58 70 AND
1 1 70 71 INV
2 1 679 59 72 AND
1 1 72 73 INV
2 1 22 58 74 XOR
1 1 74 75 INV
2 1 68 74 76 AND
1 1 76 77 INV
2 1 68 74 78 XOR
2 1 66 78 79 AND
1 1 79 80 INV
2 1 21 68 81 AND
1 1 81 82 INV
2 1 74 82 83 AND
2 1 79 83 84 AND
1 1 84 85 INV
2 1 582 862 86 AND
1 1 86 87 INV
2 1 12 851 88 XOR
2 1 13 88 89 AND
1 1 89 90 INV
2 1 604 89 91 AND
1 1 91 92 INV
2 1 571 840 93 AND
1 1 93 94 INV
2 1 11 829 95 XOR
2 1 593 884 96 AND
1 1 96 97 INV
2 1 90 97 98 AND
2 1 14 98 99 XOR
2 1 95 99 100 AND
1 1 100 101 INV
2 1 92 101 102 AND
1 1 102 103 INV
2 1 13 873 104 XOR
2 1 14 104 105 AND
1 1 105 106 INV
2 1 604 906 107 AND
1 1 107 108 INV
2 1 106 108 109 AND
2 1 15 109 110 XOR
2 1 88 110 111 AND
1 1 111 112 INV
2 1 88 110 113 XOR
2 1 103 113 114 AND
2 1 103 113 115 XOR
2 1 79 83 116 XOR
2 1 115 116 117 AND
1 1 117 118 INV
2 1 85 118 119 AND
1 1 119 120 INV
2 1 74 81 121 AND
1 1 121 122 INV
2 1 71 122 123 AND
1 1 123 124 INV
2 1 614 105 125 AND
1 1 125 126 INV
2 1 112 126 127 AND
1 1 127 128 INV
2 1 14 895 129 XOR
2 1 15 129 130 AND
1 1 130 131 INV
2 1 614 928 132 AND
1 1 132 133 INV
2 1 131 133 134 AND
2 1 16 134 135 XOR
2 1 104 135 136 AND
1 1 136 137 INV
2 1 104 135 138 XOR
2 1 128 138 139 AND
1 1 139 140 INV
2 1 128 138 141 XOR
2 1 124 141 142 AND
1 1 142 143 INV
2 1 124 141 144 XOR
2 1 120 144 145 AND
1 1 145 146 INV
2 1 120 144 147 XOR
2 1 114 147 148 AND
1 1 148 149 INV
2 1 146 149 150 AND
1 1 150 151 INV
2 1 625 130 152 AND
1 1 152 153 INV
2 1 137 153 154 AND
1 1 154 155 INV
2 1 15 917 156 XOR
1 1 156 157 INV
2 1 16 156 158 AND
1 1 158 159 INV
2 1 625 950 160 AND
1 1 160 161 INV
2 1 159 161 162 AND
2 1 17 162 163 XOR
2 1 129 163 164 AND
1 1 164 165 INV
2 1 129 163 166 XOR
2 1 155 166 167 AND
1 1 167 168 INV
2 1 155 166 169 XOR
2 1 140 143 170 AND
1 1 170 171 INV
2 1 169 171 172 AND
1 1 172 173 INV
2 1 169 171 174 XOR
2 1 151 174 175 AND
2 1 636 158 176 AND
1 1 176 177 INV
2 1 165 177 178 AND
1 1 178 179 INV
2 1 636 965 180 AND
1 1 180 181 INV
2 1 16 939 182 XOR
1 1 182 183 INV
2 1 17 182 184 AND
1 1 184 185 INV
2 1 181 185 186 AND
2 1 18 186 187 XOR
2 1 156 187 188 AND
1 1 188 189 INV
2 1 156 187 190 XOR
2 1 179 190 191 AND
1 1 191 192 INV
2 1 179 190 193 XOR
1 1 193 194 INV
2 1 172 193 195 AND
1 1 195 196 INV
2 1 168 173 197 AND
2 1 167 193 198 AND
1 1 198 199 INV
2 1 194 197 200 XOR
2 1 175 200 201 AND
1 1 201 202 INV
2 1 647 184 203 AND
1 1 203 204 INV
2 1 189 204 205 AND
1 1 205 206 INV
2 1 647 23 207 AND
1 1 207 208 INV
2 1 17 959 209 XOR
2 1 636 959 210 XOR
2 1 18 209 211 AND
1 1 211 212 INV
2 1 208 212 213 AND
2 1 19 213 214 XOR
2 1 182 214 215 AND
1 1 215 216 INV
2 1 182 214 217 XOR
2 1 206 217 218 AND
2 1 206 217 219 XOR
1 1 219 220 INV
2 1 192 199 221 AND
2 1 220 221 222 XOR
1 1 222 223 INV
2 1 201 222 224 AND
2 1 195 222 225 AND
2 1 198 219 226 AND
2 1 191 219 227 AND
2 1 657 211 228 AND
1 1 228 229 INV
2 1 216 229 230 AND
1 1 230 231 INV
2 1 65 68 232 AND
1 1 232 233 INV
2 1 18 974 234 XOR
1 1 234 235 INV
2 1 69 234 236 AND
2 1 68 234 237 XOR
1 1 237 238 INV
2 1 64 238 239 AND
1 1 239 240 INV
2 1 233 240 241 AND
1 1 241 242 INV
2 1 209 242 243 AND
1 1 243 244 INV
2 1 210 241 245 XOR
2 1 231 245 246 AND
2 1 231 245 247 XOR
2 1 218 247 248 AND
1 1 248 249 INV
2 1 218 247 250 XOR
2 1 227 250 251 AND
1 1 251 252 INV
2 1 227 250 253 XOR
2 1 226 253 254 AND
1 1 254 255 INV
2 1 226 253 256 XOR
2 1 225 256 257 AND
1 1 257 258 INV
2 1 225 256 259 XOR
2 1 224 259 260 AND
1 1 260 261 INV
2 1 224 259 262 XOR
2 1 22 61 263 AND
1 1 263 264 INV
2 1 22 62 265 AND
1 1 265 266 INV
2 1 73 266 267 AND
2 1 63 76 268 AND
1 1 268 269 INV
2 1 63 71 270 AND
1 1 270 271 INV
2 1 77 271 272 AND
1 1 272 273 INV
2 1 269 273 274 AND
1 1 274 275 INV
2 1 80 275 276 AND
2 1 67 78 277 XOR
2 1 71 277 278 AND
1 1 278 279 INV
2 1 63 64 280 AND
2 1 62 64 281 XOR
2 1 68 234 282 AND
2 1 281 282 283 AND
1 1 283 284 INV
2 1 281 282 285 XOR
2 1 74 285 286 AND
1 1 286 287 INV
2 1 284 287 288 AND
1 1 288 289 INV
2 1 279 289 290 AND
2 1 276 290 291 AND
1 1 291 292 INV
2 1 12 95 293 AND
1 1 293 294 INV
2 1 593 293 295 AND
1 1 295 296 INV
2 1 516 818 297 AND
1 1 297 298 INV
2 1 10 807 299 XOR
1 1 299 300 INV
2 1 87 294 301 AND
2 1 13 301 302 XOR
2 1 299 302 303 AND
1 1 303 304 INV
2 1 296 304 305 AND
1 1 305 306 INV
2 1 95 99 307 XOR
2 1 306 307 308 AND
1 1 308 309 INV
2 1 306 307 310 XOR
2 1 276 290 311 XOR
2 1 310 311 312 AND
1 1 312 313 INV
2 1 292 313 314 AND
1 1 314 315 INV
2 1 115 116 316 XOR
1 1 316 317 INV
2 1 315 316 318 AND
1 1 318 319 INV
2 1 314 317 320 XOR
2 1 308 320 321 AND
1 1 321 322 INV
2 1 319 322 323 AND
1 1 323 324 INV
2 1 114 147 325 XOR
2 1 324 325 326 AND
2 1 151 174 327 XOR
2 1 200 327 328 AND
2 1 326 328 329 AND
1 1 329 330 INV
2 1 196 202 331 AND
2 1 223 331 332 XOR
2 1 222 331 333 XOR
2 1 329 332 334 AND
1 1 334 335 INV
2 1 9 796 336 AND
1 1 336 337 INV
2 1 8 505 338 AND
1 1 338 339 INV
2 1 774 338 340 AND
1 1 340 341 INV
2 1 337 341 342 AND
1 1 342 343 INV
2 1 10 343 344 AND
1 1 344 345 INV
2 1 571 344 346 AND
1 1 346 347 INV
2 1 8 774 348 XOR
2 1 298 345 349 AND
2 1 11 349 350 XOR
2 1 348 350 351 AND
1 1 351 352 INV
2 1 347 352 353 AND
1 1 353 354 INV
2 1 11 299 355 AND
1 1 355 356 INV
2 1 94 356 357 AND
2 1 12 357 358 XOR
2 1 343 358 359 AND
1 1 359 360 INV
2 1 343 358 361 XOR
2 1 354 361 362 AND
2 1 18 182 363 AND
1 1 363 364 INV
2 1 19 209 365 AND
1 1 365 366 INV
2 1 65 210 367 AND
1 1 367 368 INV
2 1 366 368 369 AND
2 1 363 369 370 AND
1 1 370 371 INV
2 1 363 369 372 XOR
2 1 68 372 373 AND
1 1 373 374 INV
2 1 371 374 375 AND
1 1 375 376 INV
2 1 237 365 377 AND
1 1 377 378 INV
2 1 237 365 379 XOR
2 1 62 379 380 AND
1 1 380 381 INV
2 1 62 379 382 XOR
2 1 376 382 383 AND
2 1 378 381 384 AND
1 1 384 385 INV
2 1 74 285 386 XOR
2 1 385 386 387 AND
2 1 385 386 388 XOR
2 1 383 388 389 AND
1 1 389 390 INV
2 1 383 388 391 XOR
2 1 354 361 392 XOR
2 1 391 392 393 AND
1 1 393 394 INV
2 1 390 394 395 AND
1 1 395 396 INV
2 1 582 355 397 AND
1 1 397 398 INV
2 1 360 398 399 AND
1 1 399 400 INV
2 1 299 302 401 XOR
2 1 400 401 402 AND
1 1 402 403 INV
2 1 400 401 404 XOR
2 1 278 288 405 XOR
2 1 387 405 406 AND
1 1 406 407 INV
2 1 387 405 408 XOR
2 1 404 408 409 AND
1 1 409 410 INV
2 1 404 408 411 XOR
2 1 396 411 412 AND
1 1 412 413 INV
2 1 396 411 414 XOR
2 1 362 414 415 AND
1 1 415 416 INV
2 1 362 414 417 XOR
2 1 413 416 418 AND
1 1 418 419 INV
2 1 407 410 420 AND
1 1 420 421 INV
2 1 310 311 422 XOR
2 1 421 422 423 AND
1 1 423 424 INV
2 1 421 422 425 XOR
2 1 402 425 426 AND
1 1 426 427 INV
2 1 402 425 428 XOR
2 1 403 425 429 XOR
2 1 418 429 430 AND
1 1 430 431 INV
2 1 348 350 432 XOR
2 1 9 348 433 AND
1 1 433 434 INV
2 1 516 433 435 AND
1 1 435 436 INV
2 1 300 342 437 AND
1 1 437 438 INV
2 1 345 438 439 AND
1 1 439 440 INV
2 1 434 440 441 AND
1 1 441 442 INV
2 1 7 763 443 XOR
1 1 443 444 INV
2 1 436 444 445 AND
1 1 445 446 INV
2 1 442 446 447 AND
1 1 447 448 INV
2 1 432 447 449 AND
1 1 449 450 INV
2 1 17 156 451 AND
1 1 451 452 INV
2 1 183 235 453 AND
1 1 453 454 INV
2 1 364 454 455 AND
2 1 451 455 456 AND
1 1 456 457 INV
2 1 451 455 458 XOR
2 1 64 458 459 AND
1 1 459 460 INV
2 1 457 460 461 AND
1 1 461 462 INV
2 1 68 372 463 XOR
2 1 462 463 464 AND
2 1 376 382 465 XOR
2 1 464 465 466 AND
1 1 466 467 INV
2 1 432 447 468 XOR
2 1 432 448 469 XOR
2 1 464 465 470 XOR
2 1 468 470 471 AND
1 1 471 472 INV
2 1 467 472 473 AND
1 1 473 474 INV
2 1 391 392 475 XOR
1 1 475 476 INV
2 1 474 475 477 AND
1 1 477 478 INV
2 1 473 476 479 AND
1 1 479 480 INV
2 1 473 475 481 XOR
2 1 450 481 482 AND
1 1 482 484 INV
2 1 157 210 485 AND
1 1 485 486 INV
2 1 452 486 487 AND
2 1 16 129 488 AND
1 1 488 489 INV
2 1 235 489 490 AND
1 1 490 491 INV
2 1 487 491 492 AND
1 1 492 493 INV
2 1 234 488 495 AND
1 1 495 496 INV
2 1 493 496 497 AND
1 1 497 498 INV
2 1 64 458 499 XOR
2 1 498 499 500 AND
1 1 500 501 INV
2 1 436 442 502 AND
1 1 502 503 INV
2 1 339 443 504 AND
2 1 502 504 506 XOR
2 1 503 504 507 XOR
2 1 501 507 508 AND
1 1 508 509 INV
2 1 500 506 510 AND
1 1 510 511 INV
2 1 462 463 512 XOR
2 1 461 463 513 XOR
2 1 511 513 514 AND
1 1 514 515 INV
2 1 509 512 517 AND
1 1 517 518 INV
2 1 509 515 519 AND
2 1 511 518 520 AND
2 1 338 443 521 AND
2 1 503 521 522 AND
1 1 522 523 INV
2 1 520 523 524 AND
1 1 524 525 INV
2 1 519 522 526 AND
1 1 526 528 INV
2 1 469 470 529 XOR
2 1 528 529 530 AND
1 1 530 531 INV
2 1 525 531 532 AND
2 1 484 532 533 AND
1 1 533 534 INV
2 1 449 480 535 AND
1 1 535 536 INV
2 1 478 536 537 AND
2 1 534 537 539 AND
1 1 539 540 INV
2 1 431 540 541 AND
2 1 417 541 542 AND
1 1 542 543 INV
2 1 424 427 544 AND
1 1 544 545 INV
2 1 308 320 546 XOR
2 1 309 320 547 XOR
2 1 545 546 548 AND
1 1 548 550 INV
2 1 419 428 551 AND
1 1 551 552 INV
2 1 550 552 553 AND
2 1 543 553 554 AND
1 1 554 555 INV
2 1 330 333 556 AND
1 1 556 557 INV
2 1 324 325 558 XOR
2 1 544 547 559 AND
1 1 559 561 INV
2 1 328 561 562 AND
2 1 558 562 563 AND
2 1 557 563 564 AND
2 1 555 564 565 AND
1 1 565 566 INV
2 1 335 566 567 AND
1 1 567 568 INV
2 1 262 568 569 AND
1 1 569 570 INV
2 1 261 570 572 AND
1 1 572 573 INV
2 1 255 258 574 AND
2 1 64 236 575 AND
1 1 575 576 INV
2 1 244 576 577 AND
1 1 577 578 INV
2 1 63 233 579 AND
1 1 579 580 INV
2 1 65 81 581 AND
1 1 581 583 INV
2 1 580 583 584 AND
2 1 234 584 585 AND
1 1 585 586 INV
2 1 234 584 587 XOR
2 1 578 587 588 AND
1 1 588 589 INV
2 1 578 587 590 XOR
2 1 246 590 591 AND
1 1 591 592 INV
2 1 246 590 594 XOR
2 1 249 252 595 AND
1 1 595 596 INV
2 1 251 594 597 AND
1 1 597 598 INV
2 1 248 594 599 AND
2 1 594 596 600 XOR
1 1 600 601 INV
2 1 574 601 602 XOR
2 1 573 602 603 AND
1 1 603 605 INV
2 1 573 602 606 XOR
2 1 262 568 607 XOR
2 1 606 607 608 AND
2 1 606 607 1005 XOR
2 1 11 1005 975 XOR
2 1 571 1005 922 AND
1 1 922 923 INV
2 1 257 600 609 AND
1 1 609 610 INV
2 1 605 610 611 AND
2 1 254 600 612 AND
1 1 612 613 INV
2 1 68 280 615 AND
1 1 615 616 INV
2 1 586 616 617 AND
1 1 617 618 INV
2 1 62 82 619 AND
1 1 619 620 INV
2 1 75 620 621 AND
1 1 621 622 INV
2 1 82 265 623 AND
1 1 623 624 INV
2 1 622 624 626 AND
2 1 64 626 627 AND
1 1 627 628 INV
2 1 64 626 629 XOR
2 1 618 629 630 AND
1 1 630 631 INV
2 1 618 629 632 XOR
1 1 632 633 INV
2 1 589 592 634 AND
2 1 591 632 635 AND
2 1 588 632 637 AND
1 1 637 638 INV
2 1 633 634 639 XOR
2 1 599 639 640 AND
2 1 599 639 641 XOR
2 1 597 641 642 AND
2 1 598 641 643 XOR
2 1 612 641 644 AND
1 1 644 645 INV
2 1 613 643 646 AND
1 1 646 648 INV
2 1 612 643 649 XOR
2 1 611 649 650 XOR
2 1 608 650 651 AND
2 1 608 650 1006 XOR
2 1 582 1006 924 XOR
2 1 923 924 925 AND
1 1 925 926 INV
2 1 923 924 977 XOR
1 1 1006 652 INV
2 1 12 652 920 AND
1 1 920 921 INV
2 1 921 926 927 AND
1 1 927 929 INV
2 1 679 81 653 AND
1 1 653 654 INV
2 1 628 654 655 AND
1 1 655 656 INV
2 1 68 267 658 XOR
2 1 656 658 659 AND
2 1 656 658 660 XOR
1 1 660 661 INV
2 1 637 660 662 AND
2 1 630 660 663 AND
1 1 663 664 INV
2 1 631 638 665 AND
2 1 661 665 666 XOR
2 1 635 666 667 AND
1 1 667 669 INV
2 1 635 666 670 XOR
2 1 640 670 671 AND
1 1 671 672 INV
2 1 640 670 673 XOR
2 1 642 673 674 AND
1 1 674 675 INV
2 1 642 673 676 XOR
2 1 611 645 677 AND
1 1 677 678 INV
2 1 648 678 680 AND
2 1 676 680 681 AND
1 1 681 682 INV
2 1 676 680 683 XOR
2 1 651 683 684 AND
2 1 651 683 685 XOR
2 1 61 75 686 AND
1 1 686 687 INV
2 1 269 687 688 AND
2 1 659 688 689 XOR
2 1 664 689 691 AND
1 1 691 692 INV
2 1 662 692 693 AND
1 1 693 694 INV
2 1 662 692 695 XOR
2 1 667 695 696 AND
1 1 696 697 INV
2 1 669 695 698 XOR
2 1 672 698 699 AND
1 1 699 700 INV
2 1 671 695 702 AND
1 1 702 703 INV
2 1 671 698 704 XOR
2 1 675 682 705 AND
2 1 704 705 706 XOR
2 1 684 706 707 AND
2 1 264 694 708 AND
2 1 72 82 709 AND
1 1 709 710 INV
2 1 708 710 711 AND
1 1 711 713 INV
2 1 697 713 714 AND
1 1 714 715 INV
2 1 681 700 716 AND
1 1 716 717 INV
2 1 675 703 718 AND
2 1 717 718 719 AND
1 1 719 720 INV
2 1 715 720 721 AND
1 1 721 722 INV
2 1 714 719 724 XOR
2 1 707 724 725 AND
1 1 725 726 INV
2 1 708 722 727 AND
2 1 726 727 728 AND
1 1 728 729 INV
2 1 684 706 730 XOR
2 1 728 730 897 XOR
2 1 685 706 731 AND
1 1 731 732 INV
2 1 729 731 733 AND
1 1 733 735 INV
2 1 685 735 1007 AND
1 1 1007 736 INV
2 1 1005 736 912 AND
2 1 1005 736 916 XOR
2 1 13 916 918 AND
1 1 918 919 INV
2 1 13 916 930 XOR
2 1 929 930 979 XOR
2 1 929 930 931 AND
1 1 931 932 INV
2 1 919 932 933 AND
1 1 933 934 INV
2 1 730 735 1008 AND
2 1 707 724 1009 XOR
1 1 1009 737 INV
2 1 729 732 1010 AND
1 1 1010 738 INV
2 1 1005 1009 739 AND
2 1 1005 1009 740 XOR
1 1 740 742 INV
2 1 1006 736 743 AND
2 1 685 730 744 XOR
1 1 744 745 INV
2 1 743 745 746 AND
1 1 746 747 INV
2 1 652 1007 748 AND
1 1 748 749 INV
2 1 728 731 750 AND
1 1 750 751 INV
2 1 749 751 753 AND
2 1 747 753 754 AND
1 1 754 755 INV
2 1 740 755 756 AND
1 1 756 757 INV
2 1 1006 1008 758 AND
2 1 736 758 759 AND
1 1 759 760 INV
2 1 757 760 761 AND
1 1 761 762 INV
2 1 730 748 764 AND
1 1 764 765 INV
2 1 743 744 766 XOR
2 1 1010 766 767 AND
1 1 767 768 INV
2 1 1010 766 769 XOR
2 1 738 766 770 XOR
2 1 762 769 771 AND
1 1 771 772 INV
2 1 761 770 773 XOR
2 1 739 773 775 AND
1 1 775 776 INV
2 1 772 776 777 AND
1 1 777 778 INV
2 1 1006 750 779 AND
1 1 779 780 INV
2 1 768 780 781 AND
1 1 781 782 INV
2 1 652 744 783 AND
1 1 783 784 INV
2 1 751 784 786 AND
1 1 786 787 INV
2 1 740 787 788 AND
1 1 788 789 INV
2 1 742 786 790 XOR
2 1 782 790 791 AND
1 1 791 792 INV
2 1 782 790 793 XOR
2 1 778 793 794 AND
1 1 794 795 INV
2 1 1006 1008 797 XOR
1 1 797 798 INV
2 1 798 912 913 XOR
2 1 14 913 914 AND
1 1 914 915 INV
2 1 14 913 935 XOR
2 1 934 935 936 AND
1 1 936 937 INV
2 1 915 937 938 AND
1 1 938 940 INV
2 1 934 935 29 XOR
2 1 1005 797 799 AND
2 1 742 754 800 XOR
2 1 799 800 801 AND
2 1 739 773 802 XOR
2 1 801 802 803 AND
1 1 803 804 INV
2 1 1005 1007 805 AND
2 1 798 805 806 AND
2 1 799 800 808 XOR
2 1 806 808 908 XOR
2 1 614 908 941 XOR
2 1 940 941 942 AND
1 1 942 943 INV
2 1 940 941 38 XOR
1 1 908 909 INV
2 1 15 909 910 AND
1 1 910 911 INV
2 1 911 943 944 AND
1 1 944 945 INV
2 1 806 808 809 AND
2 1 801 802 810 XOR
2 1 809 810 811 AND
1 1 811 812 INV
2 1 804 812 813 AND
1 1 813 814 INV
2 1 778 793 815 XOR
2 1 814 815 816 AND
1 1 816 817 INV
2 1 795 817 819 AND
2 1 1006 744 820 AND
1 1 820 821 INV
2 1 789 821 822 AND
1 1 822 823 INV
2 1 737 738 824 AND
1 1 824 825 INV
2 1 751 797 826 AND
1 1 826 827 INV
2 1 780 827 828 AND
1 1 828 830 INV
2 1 825 830 831 AND
1 1 831 832 INV
2 1 824 828 833 XOR
2 1 823 833 834 AND
1 1 834 835 INV
2 1 823 833 836 XOR
2 1 739 836 837 AND
1 1 837 838 INV
2 1 739 836 839 XOR
2 1 791 839 841 XOR
2 1 819 841 842 XOR
2 1 18 842 843 AND
2 1 814 815 844 XOR
2 1 813 815 845 XOR
2 1 17 845 907 XOR
2 1 17 845 846 AND
1 1 846 847 INV
2 1 809 810 848 XOR
2 1 625 848 946 XOR
2 1 945 946 45 XOR
2 1 944 946 46 XOR
2 1 945 946 947 AND
1 1 947 948 INV
2 1 907 947 949 AND
1 1 949 951 INV
1 1 848 849 INV
2 1 16 849 850 AND
1 1 850 852 INV
2 1 852 948 55 AND
1 1 55 56 INV
2 1 907 56 999 XOR
2 1 907 56 1000 XOR
2 1 907 56 1001 XOR
2 1 907 56 1002 XOR
2 1 907 56 1003 XOR
2 1 907 56 1004 XOR
2 1 847 852 853 AND
1 1 853 854 INV
2 1 636 844 855 AND
1 1 855 856 INV
2 1 854 856 857 AND
2 1 18 842 858 XOR
2 1 857 858 859 AND
1 1 859 860 INV
2 1 835 838 861 AND
1 1 861 863 INV
2 1 765 832 864 AND
1 1 864 865 INV
2 1 1007 758 866 XOR
2 1 825 866 867 AND
1 1 867 868 INV
2 1 780 868 896 AND
2 1 896 897 898 XOR
2 1 825 866 869 XOR
2 1 865 869 870 AND
2 1 870 898 899 XOR
2 1 20 899 900 XOR
2 1 865 869 871 XOR
2 1 863 871 872 AND
1 1 872 874 INV
2 1 863 871 875 XOR
1 1 875 876 INV
2 1 792 795 877 AND
1 1 877 878 INV
2 1 839 878 879 AND
2 1 875 879 880 AND
1 1 880 881 INV
2 1 875 879 882 XOR
2 1 876 879 883 XOR
2 1 19 883 885 AND
1 1 885 886 INV
2 1 657 882 887 AND
1 1 887 888 INV
2 1 843 888 889 AND
1 1 889 890 INV
2 1 886 890 891 AND
2 1 860 891 892 AND
1 1 892 893 INV
2 1 874 881 894 AND
2 1 894 900 903 XOR
2 1 894 900 901 AND
1 1 901 902 INV
2 1 893 903 904 AND
1 1 904 905 INV
2 1 902 951 952 AND
2 1 905 952 953 AND
2 1 953 46 47 AND
2 1 953 979 980 AND
1 1 980 981 INV
2 1 953 979 24 XOR
2 1 953 38 39 AND
1 1 39 40 INV
2 1 953 38 41 XOR
2 1 0 953 982 XOR
1 1 47 48 INV
1 1 953 954 INV
2 1 0 953 955 AND
2 1 1 955 956 AND
2 1 1 955 983 XOR
2 1 2 956 957 AND
2 1 3 957 985 XOR
2 1 954 45 49 AND
1 1 49 50 INV
2 1 953 29 30 AND
1 1 30 31 INV
2 1 40 50 51 AND
2 1 953 29 32 XOR
2 1 2 956 984 XOR
2 1 3 957 958 AND
2 1 4 958 986 XOR
2 1 4 958 960 AND
2 1 5 960 961 AND
2 1 6 961 962 AND
2 1 7 962 989 XOR
2 1 6 961 988 XOR
2 1 5 960 987 XOR
2 1 7 962 963 AND
2 1 338 963 969 AND
1 1 969 970 INV
2 1 8 963 990 XOR
2 1 8 963 964 AND
2 1 9 964 972 AND
2 1 10 972 992 XOR
2 1 10 972 973 AND
2 1 973 975 993 XOR
2 1 973 975 976 AND
2 1 976 977 994 XOR
1 1 964 966 INV
2 1 976 977 978 AND
2 1 978 24 25 AND
1 1 25 26 INV
2 1 978 24 995 XOR
2 1 981 26 27 AND
2 1 9 966 967 AND
1 1 967 968 INV
2 1 968 970 971 AND
1 1 971 991 INV
1 1 27 28 INV
2 1 28 32 34 AND
1 1 34 35 INV
2 1 28 32 996 XOR
2 1 31 35 36 AND
1 1 36 37 INV
2 1 37 41 997 XOR
2 1 37 41 42 AND
1 1 42 44 INV
2 1 44 51 52 AND
1 1 52 54 INV
2 1 48 54 998 AND


