307 330
23 0 27

1 1 6 254 INV
1 1 8 255 INV
1 1 4 256 INV
1 1 5 257 INV
1 1 2 258 INV
1 1 3 259 INV
1 1 1 260 INV
1 1 9 261 INV
1 1 10 262 INV
1 1 11 263 INV
1 1 12 264 INV
1 1 13 265 INV
1 1 14 266 INV
1 1 15 267 INV
1 1 16 268 INV
1 1 17 269 INV
1 1 18 270 INV
1 1 19 271 INV
1 1 20 272 INV
1 1 21 273 INV
1 1 22 274 INV
1 1 0 275 INV
2 1 254 258 276 AND
2 1 257 259 277 AND
2 1 275 277 278 AND
2 1 256 260 279 AND
2 1 276 279 280 AND
2 1 278 280 281 AND
1 1 281 282 INV
2 1 7 282 283 AND
2 1 8 283 284 AND
2 1 9 284 285 AND
2 1 10 285 286 AND
2 1 11 286 287 AND
2 1 12 287 288 AND
2 1 13 288 289 AND
2 1 14 289 290 AND
1 1 290 291 INV
2 1 15 290 292 AND
2 1 16 292 293 AND
2 1 17 293 294 AND
2 1 18 294 295 AND
2 1 19 295 296 AND
2 1 19 295 297 XOR
2 1 271 295 298 XOR
2 1 18 294 299 XOR
1 1 299 300 INV
2 1 11 286 301 XOR
2 1 263 286 302 XOR
2 1 20 296 23 AND
2 1 21 23 24 AND
2 1 21 23 25 XOR
2 1 273 23 26 XOR
2 1 302 26 27 AND
1 1 27 28 INV
2 1 10 285 29 XOR
2 1 262 285 30 XOR
2 1 20 296 31 XOR
2 1 272 296 32 XOR
2 1 29 31 33 AND
1 1 33 34 INV
2 1 30 32 35 AND
1 1 35 36 INV
2 1 9 284 37 XOR
2 1 261 284 38 XOR
2 1 297 37 39 AND
1 1 39 40 INV
2 1 298 38 41 AND
1 1 41 42 INV
2 1 8 283 43 XOR
2 1 299 43 44 AND
1 1 44 45 INV
2 1 17 293 46 XOR
2 1 255 270 47 AND
1 1 47 48 INV
2 1 7 282 49 XOR
2 1 46 48 50 AND
2 1 49 50 51 AND
1 1 51 52 INV
2 1 45 52 53 AND
1 1 53 54 INV
2 1 42 54 55 AND
1 1 55 56 INV
2 1 40 56 57 AND
1 1 57 58 INV
2 1 36 58 59 AND
1 1 59 60 INV
2 1 34 60 61 AND
1 1 61 62 INV
2 1 28 62 63 AND
1 1 63 64 INV
2 1 12 287 65 XOR
2 1 264 287 66 XOR
2 1 22 24 67 AND
1 1 67 68 INV
2 1 22 24 69 XOR
2 1 274 24 70 XOR
2 1 65 69 71 AND
1 1 71 72 INV
2 1 301 25 73 AND
1 1 73 74 INV
2 1 72 74 75 AND
2 1 64 75 76 AND
1 1 76 77 INV
2 1 66 70 78 AND
1 1 78 79 INV
2 1 265 288 80 XOR
2 1 68 80 81 AND
1 1 81 82 INV
2 1 16 292 83 XOR
2 1 14 289 84 XOR
2 1 267 291 85 AND
1 1 85 86 INV
2 1 84 86 87 AND
2 1 83 87 88 AND
2 1 46 88 89 AND
2 1 82 89 90 AND
2 1 79 90 91 AND
2 1 77 91 92 AND
1 1 92 93 INV
2 1 300 93 94 AND
1 1 94 95 INV
2 1 297 95 96 AND
2 1 298 94 326 XOR
1 1 326 97 INV
2 1 20 297 98 AND
2 1 32 96 99 XOR
1 1 99 327 INV
2 1 299 92 100 AND
1 1 100 101 INV
2 1 98 101 102 AND
2 1 95 102 103 AND
1 1 103 104 INV
2 1 98 100 105 AND
2 1 25 105 106 AND
1 1 106 107 INV
2 1 25 105 108 XOR
2 1 103 108 109 AND
1 1 109 110 INV
2 1 104 108 111 XOR
1 1 111 328 INV
2 1 107 110 112 AND
2 1 70 112 329 XOR
1 1 329 113 INV
2 1 111 113 114 AND
2 1 99 114 115 AND
1 1 115 116 INV
2 1 97 116 117 AND
2 1 97 99 118 AND
1 1 118 119 INV
2 1 111 118 120 AND
2 1 31 326 121 AND
1 1 121 122 INV
2 1 271 117 123 XOR
2 1 113 120 124 AND
1 1 124 125 INV
2 1 13 124 126 AND
1 1 126 127 INV
2 1 329 120 128 XOR
2 1 12 128 129 AND
1 1 129 130 INV
2 1 12 128 131 XOR
2 1 328 118 132 XOR
2 1 11 132 133 AND
1 1 133 134 INV
2 1 119 122 135 AND
1 1 135 136 INV
2 1 10 136 137 AND
1 1 137 138 INV
2 1 261 326 139 AND
1 1 139 140 INV
2 1 262 135 141 XOR
2 1 140 141 142 AND
1 1 142 143 INV
2 1 138 143 144 AND
1 1 144 145 INV
2 1 11 132 146 XOR
2 1 145 146 147 AND
1 1 147 148 INV
2 1 134 148 149 AND
1 1 149 150 INV
2 1 131 150 151 AND
1 1 151 152 INV
2 1 130 152 153 AND
1 1 153 154 INV
2 1 13 124 155 XOR
2 1 154 155 156 AND
1 1 156 157 INV
2 1 127 157 158 AND
1 1 158 159 INV
2 1 14 124 160 AND
1 1 160 161 INV
2 1 14 124 162 XOR
2 1 159 162 163 AND
1 1 163 164 INV
2 1 15 124 165 XOR
1 1 165 166 INV
2 1 163 165 167 AND
1 1 167 168 INV
2 1 266 267 169 AND
1 1 169 170 INV
2 1 124 170 171 AND
1 1 171 172 INV
2 1 168 172 173 AND
1 1 173 174 INV
2 1 16 124 175 AND
1 1 175 176 INV
2 1 16 124 177 XOR
2 1 174 177 178 AND
1 1 178 179 INV
2 1 17 124 180 XOR
1 1 180 181 INV
2 1 178 180 182 AND
1 1 182 183 INV
2 1 268 269 184 AND
1 1 184 185 INV
2 1 124 185 186 AND
1 1 186 187 INV
2 1 183 187 188 AND
1 1 188 189 INV
2 1 270 125 190 AND
1 1 190 191 INV
2 1 189 191 192 AND
1 1 192 193 INV
2 1 18 124 194 AND
1 1 194 195 INV
2 1 123 193 196 AND
2 1 0 196 197 AND
2 1 1 197 198 AND
2 1 1 197 304 XOR
2 1 2 198 199 AND
2 1 2 198 305 XOR
2 1 3 199 200 AND
2 1 3 199 306 XOR
2 1 4 200 201 AND
2 1 4 200 307 XOR
2 1 5 201 202 AND
2 1 5 201 308 XOR
2 1 6 202 203 AND
2 1 6 202 309 XOR
2 1 7 203 204 AND
2 1 7 203 310 XOR
2 1 8 204 205 AND
2 1 8 204 311 XOR
2 1 9 326 206 XOR
2 1 205 206 207 AND
2 1 205 206 312 XOR
2 1 140 141 208 XOR
2 1 207 208 209 AND
2 1 207 208 313 XOR
2 1 145 146 210 XOR
2 1 209 210 211 AND
2 1 209 210 314 XOR
2 1 131 150 212 XOR
2 1 211 212 213 AND
2 1 211 212 315 XOR
2 1 154 155 214 XOR
2 1 196 214 215 AND
1 1 215 216 INV
2 1 196 214 217 XOR
2 1 213 217 218 AND
1 1 218 219 INV
2 1 213 217 316 XOR
2 1 216 219 220 AND
1 1 220 221 INV
2 1 159 162 222 XOR
2 1 196 222 223 AND
1 1 223 224 INV
2 1 196 222 225 XOR
2 1 221 225 226 AND
1 1 226 227 INV
2 1 221 225 317 XOR
2 1 224 227 228 AND
1 1 228 229 INV
2 1 161 164 230 AND
2 1 166 230 231 XOR
2 1 196 231 232 AND
1 1 232 233 INV
2 1 196 231 234 XOR
2 1 229 234 318 XOR
2 1 174 177 235 XOR
2 1 196 235 236 AND
1 1 236 237 INV
2 1 196 235 238 XOR
2 1 228 233 239 AND
1 1 239 240 INV
2 1 238 240 241 AND
1 1 241 242 INV
2 1 238 240 319 XOR
2 1 237 242 243 AND
1 1 243 244 INV
2 1 176 179 245 AND
2 1 181 245 246 XOR
2 1 196 246 247 AND
1 1 247 248 INV
2 1 196 246 249 XOR
2 1 244 249 250 AND
1 1 250 251 INV
2 1 244 249 320 XOR
2 1 195 248 252 AND
2 1 251 252 253 AND
1 1 253 321 INV
2 1 123 192 322 XOR
2 1 0 196 303 XOR
2 1 123 192 323 XOR
2 1 123 192 324 XOR
2 1 123 192 325 XOR


